01
01.89
02.78
03.67
04.56
05.45
06.34
07.23
08.12
09.01
09.9
10.79
11.68
12.57
13.46
14.35
15.24
16.13
17.02
17.91
18.8
19.69
20.58
21.47
22.36
23.25
24.14
25.03
25.92
26.81
27.7
28.59
29.48
30.37
31.26
32.15
33.04
33.93
34.82
35.71
36.6
37.49
38.38
39.27
40.16
41.05
41.94
42.83
43.72
44.61
45.5
46.39
47.28
48.17
49.06
49.95
50.84
51.73
52.62
53.51
54.4
55.29
56.18
57.07
57.96
58.85
59.74
60.63
61.52
62.41
63.3
64.19
65.08
65.97
66.86
67.75
68.64
69.53
70.42
71.31
72.2
73.09
73.98
74.87
75.76
76.65
77.54
78.43
79.32
80.21
81.1
81.99
82.88
83.77
84.66
85.55
86.44
87.33
88.22
89.11